941.765927880387
941.4883553210202
941.4039226033422
941.3332102022868
941.5084080914688
941.8197537379068
941.7057695690413
942.2915215479331
941.9464028144239
942.121600703606
942.1078803869833
942.38545294635
942.6366402814424
942.0952154793316
941.9791204925242
941.9601231310467
941.5949516270888
941.0450835532102
940.9342656112577
941.2529991204925
940.701020228672
940.2936323658752
939.5189621811785
939.4683025505717
939.6540545294636
939.1981178540018
939.2582761653474
938.8983817062445
939.0725241864556
939.234001759015
939.2857167985928
939.3902022867195
939.4144766930519
939.1516798592788
939.3026033421285
939.678328935796
940.0646086191733
940.4867722075637
940.3369041336852
940.1912576956904
940.0730518909411
939.7796481970097
939.3427088830255
939.7733157431838
940.2704133685137
939.5938962181178
939.494687774846
939.9284608619173
940.0033948988566
939.6529991204925
939.1706772207564
939.3279331574319
939.188619173263
939.1041864555849
939.1390149516271
939.2033948988567
939.4683025505717
939.3342656112577
938.9247669305189
939.6160598065084
940.0392788038698
939.9981178540017
940.078328935796
940.1173790677221
939.675162708883
939.1115743183817
938.7907299912049
938.6883553210203
938.8688302550572
938.5595954265611
938.4973262972735
938.7516798592789
938.7179067722076
939.0630255057168
938.9427088830255
939.053526824978
938.8962708883025
939.0693579595427
939.2582761653474
939.5284608619173
939.4186983289358
939.6719964819702
940.1690941072999
940.2303078276166
940.0413896218118
939.8007563764293
939.7427088830256
940.031890941073
939.7733157431838
939.5854529463501
939.4007563764292
939.3142128408092
939.2698856640282
