85.01666666666279
-89.98333333333721
881203.0166666666
881511.0166666666
881371.0166666666
881496.0166666666
881483.0166666666
881278.0166666666
880676.0166666666
880282.0166666666
880598.0166666666
881063.0166666666
880466.0166666666
880898.0166666666
880708.0166666666
880522.0166666666
880916.0166666666
881324.0166666666
881400.0166666666
881620.0166666666
881032.0166666666
881163.0166666666
880642.0166666666
880334.0166666666
880207.0166666666
880736.0166666666
880872.0166666666
880430.0166666666
880361.0166666666
880306.0166666666
880430.0166666666
880546.0166666666
881017.0166666666
880656.0166666666
880317.0166666666
880002.0166666666
880102.0166666666
880333.0166666666
880044.0166666666
879891.0166666666
880238.0166666666
879933.0166666666
879400.0166666666
879342.0166666666
879531.0166666666
879645.0166666666
880825.0166666666
881486.0166666666
881240.0166666666
880879.0166666666
880792.0166666666
880463.0166666666
880863.0166666666
880774.0166666666
880215.0166666666
879764.0166666666
879904.0166666666
879980.0166666666
880592.0166666666
880277.0166666666
880777.0166666666
881438.0166666666
881598.0166666666
881562.0166666666
881905.0166666666
881807.0166666666
881955.0166666666
881757.0166666666
881604.0166666666
882556.0166666666
882797.0166666666
882476.0166666666
882628.0166666666
882719.0166666666
882397.0166666666
882610.0166666666
882963.0166666666
882896.0166666666
882970.0166666666
882656.0166666666
883080.0166666666
883143.0166666666
882922.0166666666
882243.0166666666
881502.0166666666
881348.0166666666
881092.0166666666
880922.0166666666
881166.0166666666
881225.0166666666
881152.0166666666
881794.0166666666
882237.0166666666
882518.0166666666
882607.0166666666
882670.0166666666
882243.0166666666
881485.0166666666
881519.0166666666
880969.0166666666

