881849.2833333333
881555.2833333333
881221.2833333333
881173.2833333333
880836.2833333333
881027.2833333333
880698.2833333333
880358.2833333333
880163.2833333333
879840.2833333333
879605.2833333333
879538.2833333333
879661.2833333333
879568.2833333333
879673.2833333333
879738.2833333333
879964.2833333333
880126.2833333333
880104.2833333333
880012.2833333333
879696.2833333333
879344.2833333333
879584.2833333333
878044.2833333333
878603.2833333333
878828.2833333333
879178.2833333333
879034.2833333333
879428.2833333333
879110.2833333333
879277.2833333333
878279.2833333333
878191.2833333333
878345.2833333333
878488.2833333333
878182.2833333333
877770.2833333333
877596.2833333333
877813.2833333333
877909.2833333333
877971.2833333333
878182.2833333333
878053.2833333333
877757.2833333333
