-183.7333333333372
-660.7333333333372
-932.7333333333372
-1002.7333333333372
-956.7333333333372
-1021.7333333333372
-1228.7333333333372
-1150.7333333333372
-1323.7333333333372
-1398.7333333333372
-1560.7333333333372
-1693.7333333333372
-1507.7333333333372
-1466.7333333333372
-1867.7333333333372
-1928.7333333333372
-2061.733333333337
-2350.733333333337
-2070.733333333337
-2265.733333333337
-2500.733333333337
-2539.733333333337
-2618.733333333337
-2698.733333333337
-2839.733333333337
-2846.733333333337
-2809.733333333337
-2583.733333333337
-2712.733333333337
-2846.733333333337
-2771.733333333337
-2348.733333333337
-1818.7333333333372
-1664.7333333333372
-1879.7333333333372
-2024.7333333333372
-2059.733333333337
-2153.733333333337
-2239.733333333337
-2403.733333333337
-2654.733333333337
-2816.733333333337
-2706.733333333337
-2239.733333333337
-2087.733333333337
-2139.733333333337
-2393.733333333337
-2658.733333333337
-2606.733333333337
-2714.733333333337
-2428.733333333337
-1100.7333333333372
-1474.7333333333372
-1723.7333333333372
-2292.733333333337
-2429.733333333337
-2952.733333333337
-3195.733333333337
-2987.733333333337
-2797.733333333337
-3030.733333333337
-3031.733333333337
-2935.733333333337
-3097.733333333337
-3178.733333333337
-3246.733333333337
-3073.733333333337
-3142.733333333337
-3535.733333333337
-3693.733333333337
-3555.733333333337
-2587.733333333337
-2719.733333333337
-2320.733333333337
-1971.7333333333372
-2599.733333333337
-2420.733333333337
-1863.7333333333372
-2102.733333333337
-2182.733333333337
-1996.7333333333372
-2347.733333333337
-2644.733333333337
-2908.733333333337
-2629.733333333337
-2426.733333333337
-1935.7333333333372
-2222.733333333337
-2740.733333333337
-2666.733333333337
-2383.733333333337
-2192.733333333337
-3215.733333333337
-3695.733333333337
-3225.733333333337
-3674.733333333337
-3642.733333333337
-3405.733333333337
-3456.733333333337
-2790.733333333337
-2386.733333333337
-2321.733333333337
-2329.733333333337
-2818.733333333337
-3321.733333333337
-3300.733333333337
-3541.733333333337
-3175.733333333337
-3599.733333333337
-3550.733333333337
-3222.733333333337
-3227.733333333337
-3351.733333333337
-2722.733333333337
-1961.7333333333372
-1829.7333333333372
-1681.7333333333372
-1684.7333333333372
-1719.7333333333372
-2014.7333333333372
-1704.7333333333372
-2500.733333333337
-2222.733333333337
-2795.733333333337
-2322.733333333337
-2054.733333333337
-1713.7333333333372
-2181.733333333337
-2825.733333333337
-2497.733333333337
-2952.733333333337
-3503.733333333337
-3707.733333333337
-3627.733333333337
-3464.733333333337
-3246.733333333337
-3141.733333333337
-3413.733333333337
-3715.733333333337
-2724.733333333337
-2318.733333333337
-1966.7333333333372
-2534.733333333337
-2585.733333333337
-3095.733333333337
-2714.733333333337
-2981.733333333337
-2693.733333333337
-2696.733333333337
-3037.733333333337
-3651.733333333337
-3774.733333333337
-2981.733333333337
-2821.733333333337
-3472.733333333337
-3504.733333333337
-2919.733333333337
