-0.4514863676341167
0.2830782761653556
0.3031310466139044
0.4002286719437197
0.8424450307827699
1.485189094107308
1.9748988566402896
1.6076165347405535
1.3258223394898938
1.338487247141609
1.2751627088830337
1.3057695690413451
1.0398065083553292
1.4609146877748542
1.7606508355321102
1.3902022867194452
1.1284608619173344
0.7896745822339571
0.48993843447670127
0.6799120492524269
0.9004925241864637
0.9817590149516353
0.49204925241865377
0.809727352682506
1.1400703605980733
1.7944239226033503
1.9284608619173345
1.4376956904133766
0.9427088830255139
1.1136851363236668
0.8318909410730073
0.8150043975373873
0.7770096745822421
0.7938962181178622
1.1073526824978095
1.3944239226033504
0.9733157431838253
1.3004925241864638
1.6656640281442474
1.5464028144239308
1.2086719437115296
1.055637642919973
1.1791204925241947
0.7559014951627171
0.6735795954265693
0.963817062445039
1.047194371152163
1.0376956904133767
0.8361125769569123
1.089410729991213
1.7659278803869916
2.2619700967458307
2.2197537379067804
1.7374318381706326
1.163289357959551
1.5770096745822422
1.768038698328944
1.6403342128408174
2.087827616534749
2.56065083553211
2.5522075637643002
2.45933157431839
2.4076165347405536
1.7078803869832975
1.3606508355321103
1.004978012313113
1.7490413368513715
1.34376429199649
0.9912576956904215
0.6756904133685219
0.7252946350044057
0.9026033421284163
0.9258223394898939
1.6160598065083636
