-183.7333333333372
-660.7333333333372
-932.7333333333372
-1002.7333333333372
-956.7333333333372
-1021.7333333333372
-1228.7333333333372
-1150.7333333333372
-1323.7333333333372
-1398.7333333333372
-1560.7333333333372
-1693.7333333333372
-1507.7333333333372
-1466.7333333333372
-1867.7333333333372
-1928.7333333333372
-2061.733333333337
-2350.733333333337
-2070.733333333337
-2265.733333333337
-2500.733333333337
-2539.733333333337
-2618.733333333337
-2698.733333333337
-2839.733333333337
-2846.733333333337
-2809.733333333337
-2583.733333333337
-2712.733333333337
-2846.733333333337
-2771.733333333337
-2348.733333333337
-1818.7333333333372
-1664.7333333333372
-1879.7333333333372
-2024.7333333333372
-2059.733333333337
-2153.733333333337
-2239.733333333337
-2403.733333333337
-2654.733333333337
-2816.733333333337
-2706.733333333337
-2239.733333333337
-2087.733333333337
-2139.733333333337
-2393.733333333337
-2658.733333333337
-2606.733333333337
-2714.733333333337
-2428.733333333337
-1100.7333333333372
-1474.7333333333372
-1723.7333333333372
-2292.733333333337
-2429.733333333337
-2952.733333333337
-3195.733333333337
-2987.733333333337
-2797.733333333337
-3030.733333333337
-3031.733333333337
-2935.733333333337
-3097.733333333337
-3178.733333333337
-3246.733333333337
-3073.733333333337
-3142.733333333337
-3535.733333333337
-3693.733333333337
-3555.733333333337
-2587.733333333337
-2719.733333333337
-2320.733333333337
-1971.7333333333372
-2599.733333333337
-2420.733333333337
-1863.7333333333372
-2102.733333333337
-2182.733333333337
-1996.7333333333372
-2347.733333333337
-2644.733333333337
-2908.733333333337
-2629.733333333337
-2426.733333333337
-1935.7333333333372
-2222.733333333337
-2740.733333333337
-2666.733333333337
-2383.733333333337
-2192.733333333337
-3215.733333333337
-3695.733333333337
-3225.733333333337
-3674.733333333337
-3642.733333333337
-3405.733333333337
-3456.733333333337
-2790.733333333337
-2386.733333333337
