-242.84999999997672
-545.8499999999767
-699.8499999999767
-599.8499999999767
-794.8499999999767
-988.8499999999767
-1173.8499999999767
-1243.8499999999767
-1483.8499999999767
-1635.8499999999767
-1869.8499999999767
-1978.8499999999767
-1803.8499999999767
-1683.8499999999767
-1504.8499999999767
-1450.8499999999767
-1602.8499999999767
-1687.8499999999767
-2037.8499999999767
-1874.8499999999767
-2239.8499999999767
-2393.8499999999767
-2074.8499999999767
-1871.8499999999767
-2007.8499999999767
-2057.8499999999767
-1662.8499999999767
-1442.8499999999767
-1647.8499999999767
-1578.8499999999767
-1446.8499999999767
-1682.8499999999767
-1702.8499999999767
-1751.8499999999767
-1996.8499999999767
-1777.8499999999767
-1942.8499999999767
-1930.8499999999767
-1876.8499999999767
-1939.8499999999767
-2140.8499999999767
-1711.8499999999767
-1824.8499999999767
-1857.8499999999767
-1606.8499999999767
-1525.8499999999767
-1217.8499999999767
-1415.8499999999767
-1405.8499999999767
-1549.8499999999767
-1967.8499999999767
-2604.8499999999767
-2195.8499999999767
-1824.8499999999767
-2059.8499999999767
-2308.8499999999767
-2811.8499999999767
-2586.8499999999767
-2858.8499999999767
